7186	2458	9
-0.897376537322998	9.313225746154785e-10	-0.3002701699733734	0.5962586402893066	0.21989764273166656	1.0	1	0.0	0	0.0	0	-0.934272825717926	-0.3511599898338318	-0.06181371584534645	0.334673136472702	-0.9234502911567688	0.18770574033260345	-0.12299663573503494	0.1546809822320938	0.9802783131599426
-0.6381173133850098	-0.638117253780365	-0.5936937928199768	0.7140581011772156	0.15557344257831573	1.0	1	0.0	0	0.0	0	-0.934272825717926	-0.3511599898338318	-0.06181371584534645	0.334673136472702	-0.9234503507614136	0.18770575523376465	-0.12299664318561554	0.154680997133255	0.9802783727645874
-0.6523920297622681	-0.6523920297622681	-0.2968468964099884	0.7151673436164856	0.20025889575481415	1.0	1	0.0	0	0.0	0	-0.934272825717926	-0.3511599898338318	-0.06181371584534645	0.3346731662750244	-0.9234503507614136	0.18770577013492584	-0.12299664318561554	0.154680997133255	0.9802783727645874
-0.897376537322998	9.313225746154785e-10	-0.3002701699733734	0.5962586402893066	0.21989764273166656	1.0	1	0.0	0	0.0	0	-0.9341040253639221	0.3519212603569031	-0.06000906601548195	-0.32159045338630676	-0.9024661183357239	-0.28659141063690186	-0.15501375496387482	-0.24840784072875977	0.9561717510223389
-0.638117253780365	0.6381173133850098	-0.5936937928199768	0.48549002408981323	0.14458583295345306	1.0	1	0.0	0	0.0	0	-0.9341040253639221	0.3519212603569031	-0.06000906601548195	-0.32159045338630676	-0.9024661183357239	-0.28659141063690186	-0.15501375496387482	-0.24840784072875977	0.9561717510223389
-0.8780864477157593	1.862645149230957e-09	-0.6005403399467468	0.5977638363838196	0.1743112951517105	1.0	1	0.0	0	0.0	0	-0.9341040253639221	0.3519212603569031	-0.06000906601548195	-0.3215904235839844	-0.9024659991264343	-0.28659138083457947	-0.15501374006271362	-0.24840781092643738	0.9561716318130493
-0.743827223777771	-4.656612873077393e-10	-0.8103382587432861	0.5998427271842957	0.12976406514644623	1.0	1	0.0	0	0.0	0	-0.8153005242347717	0.2511257827281952	-0.5217479467391968	-0.17824196815490723	-0.9661514163017273	-0.18649764358997345	-0.5509218573570251	-0.05905424803495407	0.8324649333953857
-0.5	0.5000000596046448	-0.9506925344467163	0.5129954218864441	0.0794684961438179	1.0	1	0.0	0	0.0	0	-0.8153005242347717	0.2511257827281952	-0.5217479467391968	-0.17824196815490723	-0.9661513566970825	-0.18649764358997345	-0.5509218573570251	-0.05905424803495407	0.832464873790741
-0.6095679402351379	-2.7939677238464355e-09	-1.0201362371444702	0.6019216179847717	0.08521681278944016	1.0	1	0.0	0	0.0	0	-0.8153005242347717	0.2511257827281952	-0.5217479467391968	-0.17824196815490723	-0.9661514163017273	-0.18649762868881226	-0.5509218573570251	-0.05905423313379288	0.8324649333953857
-0.743827223777771	-4.656612873077393e-10	-0.8103382587432861	0.5998427271842957	0.12976406514644623	1.0	1	0.0	0	0.0	0	-0.8492760062217712	-0.2903840243816376	-0.44091659784317017	0.25916919112205505	-0.9569054245948792	0.13100861012935638	-0.4599582850933075	-0.0030095274560153484	0.8879354000091553
-0.5000000596046448	-0.5000000596046448	-0.9506925344467163	0.6920910477638245	0.08807789534330368	1.0	1	0.0	0	0.0	0	-0.8492760062217712	-0.2903840243816376	-0.44091659784317017	0.25916922092437744	-0.9569055438041687	0.13100863993167877	-0.4599582850933075	-0.003009513020515442	0.8879354596138
-0.5690586566925049	-0.5690586566925049	-0.772193193435669	0.70307457447052	0.12182565778493881	1.0	1	0.0	0	0.0	0	-0.8492760062217712	-0.2903840243816376	-0.44091659784317017	0.25916922092437744	-0.9569054841995239	0.13100862503051758	-0.4599583148956299	-0.0030095279216766357	0.8879354596138
-0.25	-0.5547839999198914	-0.9854143261909485	0.70418381690979	0.05723336711525917	1.0	1	0.0	0	0.0	0	-0.1828966587781906	-0.22860193252563477	-0.9561851024627686	0.3055139183998108	-0.9376533031463623	0.1657334715127945	-0.9344571232795715	-0.26181575655937195	0.2413347363471985
9.313225746154785e-09	4.6566128730773926e-09	-1.1658698320388794	0.6077565550804138	1.930957393980748e-09	1.0	1	0.0	0	0.0	0	-0.1828966587781906	-0.22860193252563477	-0.9561851024627686	0.3055138885974884	-0.9376533627510071	0.16573350131511688	-0.9344571828842163	-0.26181572675704956	0.2413347363471985
1.5832483768463135e-08	-0.6095679402351379	-1.0201361179351807	0.7162765860557556	0.026388846337795258	1.0	1	0.0	0	0.0	0	-0.1828966587781906	-0.22860193252563477	-0.9561851024627686	0.3055139183998108	-0.9376533031463623	0.1657334864139557	-0.9344571232795715	-0.26181575655937195	0.2413347214460373
-0.25	0.5547839403152466	-0.9854143857955933	0.505465030670166	0.047680649906396866	1.0	1	0.0	0	0.0	0	-0.22748804092407227	0.20699261128902435	-0.9515267610549927	-0.15952961146831512	-0.9718668460845947	-0.17327749729156494	-0.9606245756149292	0.11237815022468567	0.25410956144332886
9.313225746154785e-09	4.6566128730773926e-09	-1.1658698320388794	0.6077565550804138	1.930957393980748e-09	1.0	1	0.0	0	0.0	0	-0.22748804092407227	0.20699261128902435	-0.9515267610549927	-0.15952959656715393	-0.9718668460845947	-0.17327751219272614	-0.9606245756149292	0.11237812787294388	0.25410956144332886
-0.30478397011756897	9.313225746154785e-10	-1.0930030345916748	0.6048390865325928	0.04260840639472008	1.0	1	0.0	0	0.0	0	-0.22748804092407227	0.20699261128902435	-0.9515267610549927	-0.15952961146831512	-0.9718669056892395	-0.17327751219272614	-0.9606245160102844	0.11237813532352448	0.25410956144332886
0.3047839403152466	9.313225746154785e-10	-1.0930030345916748	0.7672607898712158	0.10636600106954575	1.0	1	0.0	0	0.0	0	0.22860176861286163	0.18289686739444733	-0.9561851024627686	0.9724769592285156	0.0025542632210999727	0.23298536241054535	0.045054640620946884	-0.9831288456916809	-0.17727908492088318
0.5000000596046448	0.5	-0.9506925344467163	0.8144893050193787	0.01890474185347557	1.0	1	0.0	0	0.0	0	0.22860176861286163	0.18289686739444733	-0.9561851024627686	0.9724768996238708	0.0025542601943016052	0.23298533260822296	0.04505463317036629	-0.9831287860870361	-0.17727907001972198
0.6095678806304932	-2.7939677238464355e-09	-1.0201362371444702	0.8182450532913208	0.10650617629289627	1.0	1	0.0	0	0.0	0	0.22860176861286163	0.18289686739444733	-0.9561851024627686	0.9724768400192261	0.0025542632210999727	0.23298531770706177	0.045054636895656586	-0.9831287264823914	-0.17727907001972198
0.3047839403152466	9.313225746154785e-10	-1.0930030345916748	0.7672607898712158	0.10636600106954575	1.0	1	0.0	0	0.0	0	0.17844539880752563	-0.20427989959716797	-0.9625107645988464	0.9831427335739136	-0.0025967550463974476	0.1828216016292572	-0.03984617814421654	-0.9789090156555176	0.20037288963794708
0.5000000596046448	-0.5000000596046448	-0.9506925344467163	0.8065446615219116	0.19736003875732422	1.0	1	0.0	0	0.0	0	0.17844539880752563	-0.20427989959716797	-0.9625107645988464	0.9831427335739136	-0.002596758073195815	0.182821586728096	-0.039846185594797134	-0.9789091348648071	0.20037291944026947
0.2500000298023224	-0.5547839999198914	-0.9854143261909485	0.7670656442642212	0.20746064186096191	1.0	1	0.0	0	0.0	0	0.17844539880752563	-0.20427989959716797	-0.9625107645988464	0.9831426739692688	-0.002596754813566804	0.182821586728096	-0.039846181869506836	-0.9789090752601624	0.20037290453910828
-0.3190586268901825	0.7581019401550293	-0.5971170663833618	0.2062036395072937	0.8115997314453125	1.0	1	0.0	0	0.0	0	-0.9845503568649292	0.0	-0.17510206997394562	0.17509262263774872	-0.010382143780589104	-0.9844972491264343	-0.00181793502997607	-0.9999461770057678	0.010221743956208229
-0.28452932834625244	1.0237220525741577	-0.7912657260894775	0.23801647126674652	0.7636063098907471	1.0	1	0.0	0	0.0	0	-0.9845503568649292	0.0	-0.17510206997394562	0.1750926375389099	-0.010382145643234253	-0.9844973087310791	-0.0018179351463913918	-0.999946117401123	0.010221743956208229
-0.28452932834625244	0.6564429402351379	-0.7912657260894775	0.23801647126674652	0.8294603228569031	1.0	1	0.0	0	0.0	0	-0.9845503568649292	0.0	-0.17510206997394562	0.1750926375389099	-0.010382145643234253	-0.9844972491264343	-0.0018179352628067136	-0.9999461770057678	0.010221744887530804
-0.5690586566925049	0.5690586566925049	-0.772193193435669	0.26320013403892517	0.3260108530521393	1.0	1	0.0	0	0.0	0	-0.28640031814575195	0.8269184231758118	-0.48392245173454285	0.9530735611915588	0.297605037689209	-0.055516134947538376	0.09811045229434967	-0.4771135449409485	-0.8733482360839844
-0.3190586268901825	0.7581019401550293	-0.5971170663833618	0.3054238557815552	0.2913813591003418	1.0	1	0.0	0	0.0	0	-0.28640031814575195	0.8269184231758118	-0.48392245173454285	0.9530735611915588	0.297605037689209	-0.05551614612340927	0.09811043739318848	-0.4771135449409485	-0.8733482360839844
-0.28452932834625244	0.6564429402351379	-0.7912657260894775	0.31380805373191833	0.3264671564102173	1.0	1	0.0	0	0.0	0	-0.28640031814575195	0.8269184231758118	-0.48392245173454285	0.9530735015869141	0.2976050078868866	-0.05551613122224808	0.09811042994260788	-0.4771135151386261	-0.8733481764793396
-0.6666667461395264	0.6666667461395264	0.0	0.23842035233974457	0.3653647005558014	1.0	1	0.0	0	0.0	0	0.0	1.0	0.0	1.0	0.0	0.0	0.0	0.0	-1.0
-0.3333333730697632	0.7916667461395264	-9.313225746154785e-10	0.23842035233974457	0.3653647005558014	1.0	1	0.0	0	0.0	0	0.0	1.0	0.0	1.0	0.0	0.0	0.0	0.0	-1.0
0.0	0.8973765969276428	-0.300270140171051	0.35928410291671753	0.23466305434703827	1.0	1	0.0	0	0.0	0	0.35117530822753906	0.9343261122703552	-0.06091481074690819	0.9348692893981934	-0.3534995913505554	-0.03251877427101135	-0.05191650241613388	-0.04552759230136871	-0.9976131319999695
0.3333333432674408	0.7916666865348816	2.3283064365386963e-10	0.4170765280723572	0.17870090901851654	1.0	1	0.0	0	0.0	0	0.35117530822753906	0.9343261122703552	-0.06091481074690819	0.9348692893981934	-0.3534995913505554	-0.032518770545721054	-0.051916494965553284	-0.04552759602665901	-0.9976131319999695
0.32619601488113403	0.7748843431472778	-0.2985585331916809	0.41838324069976807	0.23231986165046692	1.0	1	0.0	0	0.0	0	0.35117530822753906	0.9343261122703552	-0.06091481074690819	0.9348692893981934	-0.3534995913505554	-0.032518766820430756	-0.051916494965553284	-0.04552759602665901	-0.9976131319999695
-0.28452932834625244	-0.6564429998397827	-0.7912657260894775	0.16380566358566284	0.32703858613967896	1.0	1	0.0	0	0.0	0	-0.0812089592218399	-0.8769686818122864	-0.4736359715461731	-0.9966683983802795	0.06784314662218094	0.04527124762535095	-0.007568511180579662	0.4757343828678131	-0.8795563578605652
3.725290298461914e-09	-0.7857984900474548	-0.6005403995513916	0.11360866576433182	0.2911423444747925	1.0	1	0.0	0	0.0	0	-0.0812089592218399	-0.8769686818122864	-0.4736359715461731	-0.9966683983802795	0.06784314662218094	0.04527124762535095	-0.007568511180579662	0.4757343828678131	-0.8795563578605652
-0.3190586566925049	-0.7581019401550293	-0.5971170663833618	0.1709417849779129	0.2930934429168701	1.0	1	0.0	0	0.0	0	-0.0812089592218399	-0.8769686818122864	-0.4736359715461731	-0.9966683983802795	0.06784314662218094	0.04527125135064125	-0.007568514905869961	0.4757343828678131	-0.8795563578605652
0.5690587162971497	-0.5690587162971497	-0.772193193435669	0.011698986403644085	0.31592270731925964	1.0	1	0.0	0	0.0	0	0.28640028834342957	-0.826918363571167	-0.48392239212989807	-0.9332177042961121	-0.3551452159881592	0.054558902978897095	-0.21697847545146942	0.4359792470932007	-0.8734085559844971
0.31905868649482727	-0.7581019401550293	-0.5971171259880066	0.056690555065870285	0.2876768410205841	1.0	1	0.0	0	0.0	0	0.28640028834342957	-0.826918363571167	-0.48392239212989807	-0.9332177042961121	-0.3551452159881592	0.054558902978897095	-0.21697847545146942	0.4359792470932007	-0.8734085559844971
0.28452935814857483	-0.6564429998397827	-0.7912657260894775	0.061918988823890686	0.3222082257270813	1.0	1	0.0	0	0.0	0	0.28640028834342957	-0.826918363571167	-0.48392239212989807	-0.9332176446914673	-0.3551451861858368	0.05455891788005829	-0.2169785052537918	0.43597927689552307	-0.8734085559844971
0.6523920297622681	-0.6523920297622681	-0.2968469262123108	0.00018462249136064202	0.23052580654621124	1.0	1	0.0	0	0.0	0	0.351175457239151	-0.9343260526657104	-0.06091499328613281	-0.9334940910339355	-0.3544193208217621	0.05455073341727257	-0.07255762070417404	0.037706904113292694	-0.9966512322425842
0.3333333432674408	-0.7916667461395264	4.656612873077393e-10	0.058873116970062256	0.18080079555511475	1.0	1	0.0	0	0.0	0	0.351175457239151	-0.9343260526657104	-0.06091499328613281	-0.9334940910339355	-0.3544193208217621	0.05455073341727257	-0.07255762070417404	0.037706904113292694	-0.9966512322425842
0.32619601488113403	-0.7748843431472778	-0.2985585629940033	0.05778183788061142	0.23423881828784943	1.0	1	0.0	0	0.0	0	0.351175457239151	-0.9343260526657104	-0.06091499328613281	-0.9334940910339355	-0.3544193208217621	0.05455073341727257	-0.07255762070417404	0.037706904113292694	-0.9966512322425842
-0.32619601488113403	-0.7748843431472778	-0.2985585331916809	0.1745888590812683	0.23977656662464142	1.0	1	0.0	0	0.0	0	-0.09750116616487503	-0.9935334920883179	-0.05817881599068642	-0.9944879412651062	0.0949961468577385	0.04437832161784172	-0.03856458514928818	0.06218507140874863	-0.9973193407058716
0.0	-0.8243786692619324	-9.313225746154785e-10	0.11834300309419632	0.18380053341388702	1.0	1	0.0	0	0.0	0	-0.09750116616487503	-0.9935334920883179	-0.05817881599068642	-0.9944879412651062	0.0949961468577385	0.044378332793712616	-0.03856459632515907	0.06218507140874863	-0.9973193407058716
-0.3333333730697632	-0.7916667461395264	3.259629011154175e-09	0.1782359480857849	0.1864597201347351	1.0	1	0.0	0	0.0	0	-0.09750116616487503	-0.9935334920883179	-0.05817881599068642	-0.9944879412651062	0.0949961468577385	0.04437832534313202	-0.038564588874578476	0.06218507140874863	-0.9973193407058716
0.5690587162971497	-0.5690587162971497	-0.772193193435669	0.8355026841163635	0.2125554382801056	1.0	1	0.0	0	0.0	0	0.835786759853363	-0.3190983235836029	-0.44680726528167725	0.49222031235694885	0.07490228861570358	0.8672420382499695	-0.24326859414577484	-0.9447570443153381	0.21966901421546936
0.8780865669250488	-3.725290298461914e-09	-0.6005403995513916	0.9025546312332153	0.11286002397537231	1.0	1	0.0	0	0.0	0	0.835786759853363	-0.3190983235836029	-0.44680726528167725	0.49222037196159363	0.07490228861570358	0.8672420978546143	-0.24326860904693604	-0.9447571039199829	0.21966904401779175
0.6381173729896545	-0.6381173729896545	-0.5936938524246216	0.8644607067108154	0.22775085270404816	1.0	1	0.0	0	0.0	0	0.835786759853363	-0.3190983235836029	-0.44680726528167725	0.49222034215927124	0.07490229606628418	0.8672420382499695	-0.24326859414577484	-0.9447570443153381	0.21966904401779175
0.5690587162971497	0.5690586566925049	-0.772193193435669	0.8445446491241455	0.009452392347157001	1.0	1	0.0	0	0.0	0	0.8079131841659546	0.2827821373939514	-0.5170208215713501	0.5193946361541748	0.0727805346250534	0.8514295220375061	0.2783980965614319	-0.9564189910888672	-0.0880751758813858
0.8780865669250488	-3.725290298461914e-09	-0.6005403995513916	0.9025546312332153	0.11286002397537231	1.0	1	0.0	0	0.0	0	0.8079131841659546	0.2827821373939514	-0.5170208215713501	0.5193946361541748	0.0727805495262146	0.8514294624328613	0.2783980965614319	-0.9564189314842224	-0.0880751684308052
0.743827223777771	-3.259629011154175e-09	-0.8103383183479309	0.8603998422622681	0.109683096408844	1.0	1	0.0	0	0.0	0	0.8079131841659546	0.2827821373939514	-0.5170208215713501	0.51939457654953	0.072780542075634	0.8514294624328613	0.2783981263637543	-0.9564189910888672	-0.08807516098022461
0.6523920297622681	0.6523920297622681	-0.2968469262123108	0.2400071620941162	0.6404610872268677	1.0	1	0.0	0	0.0	0	0.9343779683113098	0.3511902689933777	-0.06002672016620636	0.3520243465900421	-0.884038507938385	0.3074975907802582	0.05492422729730606	-0.3084498345851898	-0.9496536254882812
0.9166667461395264	0.0	-9.313225746154785e-10	0.35608795285224915	0.630790650844574	1.0	1	0.0	0	0.0	0	0.9343779683113098	0.3511902689933777	-0.06002672016620636	0.3520243465900421	-0.8840385675430298	0.3074975907802582	0.05492423102259636	-0.3084498345851898	-0.9496536254882812
0.8973766565322876	-1.862645149230957e-09	-0.3002701997756958	0.35483771562576294	0.6723180413246155	1.0	1	0.0	0	0.0	0	0.9343779683113098	0.3511902689933777	-0.06002672016620636	0.3520243465900421	-0.884038507938385	0.3074975907802582	0.05492422729730606	-0.3084498345851898	-0.9496536254882812
0.6523920297622681	-0.6523920297622681	-0.2968469262123108	0.4737014174461365	0.6516696214675903	1.0	1	0.0	0	0.0	0	0.9345398545265198	-0.3504525125026703	-0.061792176216840744	-0.35554173588752747	-0.9121996760368347	-0.20367078483104706	0.015010131523013115	0.21230819821357727	-0.9770875573158264
0.9166667461395264	0.0	-9.313225746154785e-10	0.35608795285224915	0.630790650844574	1.0	1	0.0	0	0.0	0	0.9345398545265198	-0.3504525125026703	-0.061792176216840744	-0.35554173588752747	-0.9121996760368347	-0.20367078483104706	0.015010131523013115	0.21230819821357727	-0.9770875573158264
0.6666666865348816	-0.6666666865348816	1.862645149230957e-09	0.4775332510471344	0.6102341413497925	1.0	1	0.0	0	0.0	0	0.9345398545265198	-0.3504525125026703	-0.061792176216840744	-0.35554173588752747	-0.9121996760368347	-0.20367078483104706	0.015010131523013115	0.21230819821357727	-0.9770875573158264
-0.6381173133850098	-0.6381173133850098	0.5936937928199768	0.7087544798851013	0.32782161235809326	1.0	1	0.0	0	0.0	0	-0.934272825717926	-0.35116004943847656	0.061813656240701675	0.35623154044151306	-0.9118534922599792	0.2040155827999115	-0.01527712494134903	0.21262618899345398	0.9770142436027527
-0.8973765969276428	4.6566128730773926e-09	0.3002701699733734	0.5935762524604797	0.30701491236686707	1.0	1	0.0	0	0.0	0	-0.934272825717926	-0.35116004943847656	0.061813656240701675	0.35623154044151306	-0.9118534922599792	0.2040155827999115	-0.01527712494134903	0.21262618899345398	0.9770142436027527
-0.6523920297622681	-0.6523920297622681	0.2968468964099884	0.7125155329704285	0.2863829731941223	1.0	1	0.0	0	0.0	0	-0.934272825717926	-0.35116004943847656	0.061813656240701675	0.35623154044151306	-0.9118534326553345	0.2040155827999115	-0.015277128666639328	0.21262618899345398	0.9770141839981079
-0.5000000596046448	-0.5000000596046448	0.9506925344467163	0.7959159016609192	0.8617813587188721	1.0	1	0.0	0	0.0	0	-0.8492760062217712	-0.2903840243816376	0.44091659784317017	-0.443043977022171	-0.06220196932554245	-0.894339382648468	0.2871277630329132	-0.9548863768577576	-0.0758262425661087
-0.743827223777771	5.587935447692871e-09	0.8103382587432861	0.8421107530593872	0.7706639766693115	1.0	1	0.0	0	0.0	0	-0.8492760062217712	-0.2903840243816376	0.44091659784317017	-0.4430440068244934	-0.062201984226703644	-0.8943394422531128	0.2871277630329132	-0.9548864364624023	-0.0758262500166893
-0.5690586566925049	-0.5690586566925049	0.772193193435669	0.8258700370788574	0.8719061613082886	1.0	1	0.0	0	0.0	0	-0.8492760062217712	-0.2903840243816376	0.44091659784317017	-0.443043977022171	-0.062201984226703644	-0.894339382648468	0.2871277630329132	-0.9548864364624023	-0.0758262425661087
-0.743827223777771	5.587935447692871e-09	0.8103382587432861	0.8421107530593872	0.7706639766693115	1.0	1	0.0	0	0.0	0	-0.8492758870124817	0.2903840243816376	0.44091686606407166	-0.4762399196624756	-0.06090260297060013	-0.8772037625312805	-0.22787295281887054	-0.954970121383667	0.1900155395269394
-0.5	0.5000000596046448	0.9506925344467163	0.7884705662727356	0.682877242565155	1.0	1	0.0	0	0.0	0	-0.8492758870124817	0.2903840243816376	0.44091686606407166	-0.4762399196624756	-0.060902610421180725	-0.8772037625312805	-0.22787293791770935	-0.954970121383667	0.19001555442810059
-0.5690586566925049	0.5690586566925049	0.772193193435669	0.817396342754364	0.6682922840118408	1.0	1	0.0	0	0.0	0	-0.8492758870124817	0.2903840243816376	0.44091686606407166	-0.476239949464798	-0.06090261787176132	-0.8772038221359253	-0.22787293791770935	-0.9549701809883118	0.19001558423042297
-0.8973765969276428	4.6566128730773926e-09	0.3002701699733734	0.5935762524604797	0.30701491236686707	1.0	1	0.0	0	0.0	0	-0.934272825717926	0.35116004943847656	0.06181364879012108	-0.35252323746681213	-0.8837023377418518	-0.30789217352867126	-0.05349456146359444	-0.3094460368156433	0.949411153793335
-0.6381173133850098	0.6381173133850098	0.5936937928199768	0.48018643260002136	0.3168340027332306	1.0	1	0.0	0	0.0	0	-0.934272825717926	0.35116004943847656	0.06181364879012108	-0.35252320766448975	-0.883702278137207	-0.3078921139240265	-0.053494542837142944	-0.30944597721099854	0.9494110941886902
-0.6523920297622681	0.6523920297622681	0.2968468964099884	0.4788343906402588	0.2751495838165283	1.0	1	0.0	0	0.0	0	-0.934272825717926	0.35116004943847656	0.06181364879012108	-0.35252323746681213	-0.8837023973464966	-0.30789217352867126	-0.053494565188884735	-0.3094460368156433	0.9494112133979797
-0.2500000298023224	-0.5547839403152466	0.9854143857955933	0.7571842074394226	0.8719061613082886	1.0	1	0.0	0	0.0	0	-0.22748808562755585	-0.20699259638786316	0.9515267610549927	-0.9717929363250732	-0.014148841612040997	-0.2354111671447754	0.062191370874643326	-0.9782401919364929	-0.19793525338172913
0.0	-9.313225746154785e-09	1.1658698320388794	0.6978416442871094	0.7748237252235413	1.0	1	0.0	0	0.0	0	-0.22748808562755585	-0.20699259638786316	0.9515267610549927	-0.9717928767204285	-0.014148847199976444	-0.2354111522436142	0.06219137832522392	-0.9782402515411377	-0.19793526828289032
-0.3047839403152466	-3.725290298461914e-09	1.0930030345916748	0.7489258050918579	0.7740420699119568	1.0	1	0.0	0	0.0	0	-0.22748808562755585	-0.20699259638786316	0.9515267610549927	-0.9717929363250732	-0.014148841612040997	-0.2354111671447754	0.062191370874643326	-0.9782401919364929	-0.19793525338172913
0.5000001192092896	-0.5000000596046448	0.9506925344467163	0.4535004794597626	0.4533783793449402	1.0	1	0.0	0	0.0	0	0.17844556272029877	-0.2042798399925232	0.9625107645988464	-0.28262609243392944	-0.9476305842399597	-0.1487240046262741	0.9424858689308167	-0.24549147486686707	-0.22683526575565338
0.3047839403152466	-3.725290298461914e-09	1.0930030345916748	0.3662089407444	0.40791675448417664	1.0	1	0.0	0	0.0	0	0.17844556272029877	-0.2042798399925232	0.9625107645988464	-0.28262612223625183	-0.9476305842399597	-0.14872398972511292	0.9424858689308167	-0.24549151957035065	-0.22683526575565338
0.2500000596046448	-0.5547839403152466	0.9854143857955933	0.4655168652534485	0.42252907156944275	1.0	1	0.0	0	0.0	0	0.17844556272029877	-0.2042798399925232	0.9625107645988464	-0.28262609243392944	-0.9476305842399597	-0.1487240046262741	0.9424858689308167	-0.24549147486686707	-0.22683526575565338
0.3047839403152466	-3.725290298461914e-09	1.0930030345916748	0.3662089407444	0.40791675448417664	1.0	1	0.0	0	0.0	0	0.17844557762145996	0.2042798548936844	0.9625107645988464	0.16320611536502838	-0.9708059430122375	0.17578263580799103	0.9703201055526733	0.12572002410888672	-0.20657576620578766
0.5	0.5000000596046448	0.9506925344467163	0.2743947505950928	0.44478803873062134	1.0	1	0.0	0	0.0	0	0.17844557762145996	0.2042798548936844	0.9625107645988464	0.16320613026618958	-0.9708060026168823	0.17578265070915222	0.9703201055526733	0.12572002410888672	-0.20657578110694885
0.25	0.5547839403152466	0.9854143857955933	0.26678693294525146	0.4129975140094757	1.0	1	0.0	0	0.0	0	0.17844557762145996	0.2042798548936844	0.9625107645988464	0.16320611536502838	-0.9708059430122375	0.17578263580799103	0.9703201055526733	0.12572002410888672	-0.20657576620578766
0.0	-9.313225746154785e-09	1.1658698320388794	0.6978416442871094	0.7748237252235413	1.0	1	0.0	0	0.0	0	-0.22748808562755585	0.20699261128902435	0.9515267610549927	-0.9731706380844116	-0.013738838024437428	-0.22967390716075897	-0.03446793556213379	-0.9782460927963257	0.20456458628177643
-0.25	0.5547839403152466	0.9854143857955933	0.7489230632781982	0.6733999252319336	1.0	1	0.0	0	0.0	0	-0.22748808562755585	0.20699261128902435	0.9515267610549927	-0.9731706976890564	-0.013738841749727726	-0.22967393696308136	-0.03446793183684349	-0.9782460331916809	0.20456457138061523
-0.3047839403152466	-3.725290298461914e-09	1.0930030345916748	0.7489258050918579	0.7740420699119568	1.0	1	0.0	0	0.0	0	-0.22748808562755585	0.20699261128902435	0.9515267610549927	-0.9731706380844116	-0.013738838024437428	-0.22967392206192017	-0.03446793928742409	-0.9782460927963257	0.20456458628177643
-2.7939677238464355e-09	0.743827223777771	-0.8103382587432861	0.9497542977333069	0.831950843334198	1.0	1	0.0	0	0.0	0	-0.06688177585601807	0.0	-0.9977608919143677	0.05947175621986389	-0.9982220530509949	-0.00398650299757719	-0.9959869384765625	-0.05960521474480629	0.06676286458969116
-0.28452932834625244	1.0237220525741577	-0.7912657260894775	0.901201605796814	0.8676695227622986	1.0	1	0.0	0	0.0	0	-0.06688177585601807	0.0	-0.9977608919143677	0.059471745043992996	-0.9982220530509949	-0.003986502066254616	-0.9959869384765625	-0.059605203568935394	0.06676286458969116
-5.9263411955612355e-09	1.111106276512146	-0.8103382587432861	0.8842114806175232	0.8290328979492188	1.0	1	0.0	0	0.0	0	-0.06688177585601807	0.0	-0.9977608919143677	0.05947175249457359	-0.9982220530509949	-0.003986502531915903	-0.9959869384765625	-0.05960521101951599	0.06676286458969116
0.3333333432674408	0.7916666865348816	2.3283064365386963e-10	0.4170765280723572	0.17870090901851654	1.0	1	0.0	0	0.0	0	0.3511752784252167	0.9343261122703552	0.06091482564806938	0.9362639784812927	-0.3497709333896637	-0.0327119380235672	-0.009257381781935692	0.06851997971534729	-0.9976068139076233
3.725290298461914e-09	0.8973765969276428	0.30027011036872864	0.35427847504615784	0.12713827192783356	1.0	1	0.0	0	0.0	0	0.3511752784252167	0.9343261122703552	0.06091482564806938	0.9362639784812927	-0.3497709333896637	-0.0327119380235672	-0.009257381781935692	0.06851997971534729	-0.9976068139076233
0.32619601488113403	0.7748843431472778	0.2985585033893585	0.4134061336517334	0.12540799379348755	1.0	1	0.0	0	0.0	0	0.3511752784252167	0.9343261122703552	0.06091482564806938	0.9362639784812927	-0.3497709631919861	-0.0327119380235672	-0.009257380850613117	0.06851998716592789	-0.9976068139076233
-0.3333333730697632	0.7916667461395264	-9.313225746154785e-10	0.29769816994667053	0.1843869835138321	1.0	1	0.0	0	0.0	0	-0.351175457239151	0.9343260526657104	0.060915037989616394	0.9333496689796448	0.354492723941803	-0.05650951340794563	-0.07439225167036057	0.037010278552770615	-0.9965420961380005
-0.6523920297622681	0.6523920297622681	0.2968468964099884	0.23888938128948212	0.1348063200712204	1.0	1	0.0	0	0.0	0	-0.351175457239151	0.9343260526657104	0.060915037989616394	0.9333497285842896	0.35449275374412537	-0.05650951713323593	-0.07439225167036057	0.037010278552770615	-0.9965420961380005
-0.32619601488113403	0.7748843431472778	0.2985585033893585	0.2965839207172394	0.13097229599952698	1.0	1	0.0	0	0.0	0	-0.351175457239151	0.9343260526657104	0.060915037989616394	0.9333497285842896	0.35449275374412537	-0.05650952085852623	-0.07439225912094116	0.037010278552770615	-0.9965420961380005
-0.3190586566925049	0.7581019401550293	0.597117006778717	0.2954696714878082	0.07755761593580246	1.0	1	0.0	0	0.0	0	-0.28640031814575195	0.8269184231758118	0.48392242193222046	0.9327242374420166	0.356130987405777	-0.05653534457087517	-0.21908989548683167	0.43517443537712097	-0.8732828497886658
-0.5690586566925049	0.5690586566925049	0.772193193435669	0.25032734870910645	0.049493465572595596	1.0	1	0.0	0	0.0	0	-0.28640031814575195	0.8269184231758118	0.48392242193222046	0.9327242374420166	0.356130987405777	-0.056535329669713974	-0.21908988058567047	0.43517446517944336	-0.8732828497886658
-0.28452932834625244	0.6564429402351379	0.7912657260894775	0.3006173372268677	0.04312005266547203	1.0	1	0.0	0	0.0	0	-0.28640031814575195	0.8269184231758118	0.48392242193222046	0.9327241778373718	0.3561309576034546	-0.056535325944423676	-0.21908985078334808	0.4351744055747986	-0.873282790184021
-0.28452932834625244	-0.6564429402351379	0.7912657260894775	0.17693889141082764	0.043644506484270096	1.0	1	0.0	0	0.0	0	-0.29983991384506226	-0.9354537725448608	0.18714284896850586	-0.94954913854599	0.3115505278110504	0.03595330938696861	-0.0919371023774147	-0.16692109405994415	-0.9816744923591614
-3.725290298461914e-09	-0.7857984900474548	0.6005403399467468	0.12357628345489502	0.0760570839047432	1.0	1	0.0	0	0.0	0	-0.29983991384506226	-0.9354537725448608	0.18714284896850586	-0.9495491981506348	0.3115505576133728	0.03595331311225891	-0.0919371098279953	-0.16692107915878296	-0.9816745519638062
9.313225746154785e-10	-0.743827223777771	0.8103382587432861	0.1255887746810913	0.038268741220235825	1.0	1	0.0	0	0.0	0	-0.29983991384506226	-0.9354537725448608	0.18714284896850586	-0.9495491981506348	0.3115505576133728	0.03595331311225891	-0.0919371098279953	-0.16692107915878296	-0.9816745519638062
-0.32619601488113403	-0.7748843431472778	0.2985585331916809	0.17954425513744354	0.13284696638584137	1.0	1	0.0	0	0.0	0	-0.09234499931335449	-0.9936786890029907	0.06383634358644485	-0.9944624304771423	0.09526821225881577	0.04436895251274109	-0.050170060247182846	-0.059385593980550766	-0.9969736337661743
0.0	-0.8243786692619324	-9.313225746154785e-10	0.11834300309419632	0.18380053341388702	1.0	1	0.0	0	0.0	0	-0.09234499931335449	-0.9936786890029907	0.06383634358644485	-0.9944623708724976	0.09526820480823517	0.04436894878745079	-0.05017005279660225	-0.059385593980550766	-0.9969735741615295
-1.862645149230957e-09	-0.8050885796546936	0.3002701699733734	0.12095963954925537	0.1299288123846054	1.0	1	0.0	0	0.0	0	-0.09234499931335449	-0.9936786890029907	0.06383634358644485	-0.9944624304771423	0.09526821225881577	0.04436895251274109	-0.050170060247182846	-0.059385593980550766	-0.9969736337661743
0.3333333432674408	-0.7916667461395264	4.656612873077393e-10	0.058873116970062256	0.18080079555511475	1.0	1	0.0	0	0.0	0	0.351175457239151	-0.9343260526657104	0.06091499701142311	-0.9358387589454651	-0.3481920063495636	0.05448102951049805	-0.02969292923808098	-0.07613901793956757	-0.9966550469398499
0.6523920297622681	-0.6523920297622681	0.2968468964099884	0.0051116058602929115	0.12420924007892609	1.0	1	0.0	0	0.0	0	0.351175457239151	-0.9343260526657104	0.06091499701142311	-0.9358387589454651	-0.3481920063495636	0.054481033235788345	-0.029692932963371277	-0.07613901793956757	-0.9966550469398499
0.32619601488113403	-0.7748843431472778	0.2985585331916809	0.06273724138736725	0.12730923295021057	1.0	1	0.0	0	0.0	0	0.351175457239151	-0.9343260526657104	0.06091499701142311	-0.9358387589454651	-0.3481920063495636	0.054481033235788345	-0.029692932963371277	-0.07613901793956757	-0.9966550469398499
0.31905868649482727	-0.7581019401550293	0.5971170663833618	0.06660135835409164	0.0738176479935646	1.0	1	0.0	0	0.0	0	0.2864002585411072	-0.826918363571167	0.48392245173454285	-0.9528841376304626	-0.2985174357891083	0.05384480208158493	0.09993404150009155	-0.4765431880950928	-0.8734528422355652
0.5690587759017944	-0.5690586566925049	0.772193193435669	0.024515651166439056	0.039359498769044876	1.0	1	0.0	0	0.0	0	0.2864002585411072	-0.826918363571167	0.48392245173454285	-0.9528841376304626	-0.2985174357891083	0.053844816982746124	0.09993402659893036	-0.47654321789741516	-0.8734528422355652
0.2845293879508972	-0.6564429402351379	0.7912657260894775	0.07505220919847488	0.03881411999464035	1.0	1	0.0	0	0.0	0	0.2864002585411072	-0.826918363571167	0.48392245173454285	-0.9528841376304626	-0.2985174357891083	0.053844816982746124	0.09993402659893036	-0.47654321789741516	-0.8734528422355652
0.5690587759017944	-0.5690586566925049	0.772193193435669	0.46446847915649414	0.4871240556240082	1.0	1	0.0	0	0.0	0	0.8079133629798889	-0.28278201818466187	0.5170207023620605	-0.2540720999240875	-0.9587620496749878	-0.12736906111240387	0.5317174196243286	-0.028457358479499817	-0.8464435935020447
0.878086507320404	-3.725290298461914e-09	0.6005403399467468	0.359218567609787	0.5396237373352051	1.0	1	0.0	0	0.0	0	0.8079133629798889	-0.28278201818466187	0.5170207023620605	-0.25407207012176514	-0.958761990070343	-0.12736903131008148	0.5317174196243286	-0.028457369655370712	-0.8464435338973999
0.743827223777771	-9.313225746154785e-10	0.8103382587432861	0.36129850149154663	0.49507656693458557	1.0	1	0.0	0	0.0	0	0.8079133629798889	-0.28278201818466187	0.5170207023620605	-0.25407207012176514	-0.958761990070343	-0.12736903131008148	0.5317174196243286	-0.028457369655370712	-0.8464435338973999
0.6523920297622681	-0.6523920297622681	0.2968468964099884	0.47648486495018005	0.5655519366264343	1.0	1	0.0	0	0.0	0	0.9343779683113098	-0.3511902689933777	0.06002671644091606	-0.3349359333515167	-0.9232788681983948	-0.1880798637866974	0.12147321552038193	0.15563257038593292	-0.9803177118301392
0.9166667461395264	0.0	-9.313225746154785e-10	0.35608795285224915	0.630790650844574	1.0	1	0.0	0	0.0	0	0.9343779683113098	-0.3511902689933777	0.06002671644091606	-0.3349359333515167	-0.9232789278030396	-0.18807989358901978	0.12147323042154312	0.15563258528709412	-0.9803177714347839
0.8973766565322876	-1.862645149230957e-09	0.3002701699733734	0.35765326023101807	0.5852072238922119	1.0	1	0.0	0	0.0	0	0.9343779683113098	-0.3511902689933777	0.06002671644091606	-0.3349359333515167	-0.9232789278030396	-0.18807987868785858	0.12147322297096252	0.15563257038593292	-0.9803177714347839
0.9166667461395264	0.0	-9.313225746154785e-10	0.35608795285224915	0.630790650844574	1.0	1	0.0	0	0.0	0	0.9343779683113098	0.3511902987957001	0.060026660561561584	0.3209598958492279	-0.9028474688529968	0.28609639406204224	0.15466919541358948	-0.24805599451065063	-0.9563187956809998
0.6523920297622681	0.6523920297622681	0.2968468964099884	0.2427906095981598	0.5543434023857117	1.0	1	0.0	0	0.0	0	0.9343779683113098	0.3511902987957001	0.060026660561561584	0.3209599256515503	-0.9028475284576416	0.28609639406204224	0.15466919541358948	-0.24805599451065063	-0.9563188552856445
0.8973766565322876	-1.862645149230957e-09	0.3002701699733734	0.35765326023101807	0.5852072238922119	1.0	1	0.0	0	0.0	0	0.9343779683113098	0.3511902987957001	0.060026660561561584	0.3209598958492279	-0.9028474688529968	0.2860964238643646	0.15466921031475067	-0.24805602431297302	-0.9563187956809998
0.878086507320404	-3.725290298461914e-09	0.6005403399467468	0.359218567609787	0.5396237373352051	1.0	1	0.0	0	0.0	0	0.8079133033752441	0.28278210759162903	0.5170207023620605	0.20411941409111023	-0.9573185443878174	0.20463740825653076	0.5528213381767273	-0.0597953125834465	-0.8311517238616943
0.5690586566925049	0.5690587162971497	0.772193193435669	0.2606251537799835	0.4773472249507904	1.0	1	0.0	0	0.0	0	0.8079133033752441	0.28278210759162903	0.5170207023620605	0.20411941409111023	-0.9573185443878174	0.20463740825653076	0.5528213381767273	-0.0597953125834465	-0.8311517238616943
0.743827223777771	-9.313225746154785e-10	0.8103382587432861	0.36129850149154663	0.49507656693458557	1.0	1	0.0	0	0.0	0	0.8079133033752441	0.28278210759162903	0.5170207023620605	0.20411941409111023	-0.9573186039924622	0.20463742315769196	0.5528213381767273	-0.05979533493518829	-0.8311517834663391
-3.725290298461914e-09	-0.7857984900474548	0.6005403399467468	0.12357628345489502	0.0760570839047432	1.0	1	0.0	0	0.0	0	0.2998398244380951	-0.9354537129402161	0.18714281916618347	-0.9539770483970642	-0.2950150966644287	0.05379485338926315	0.004887361079454422	-0.1946597844362259	-0.9808586835861206
0.2845293879508972	-0.6564429402351379	0.7912657260894775	0.07505220919847488	0.03881411999464035	1.0	1	0.0	0	0.0	0	0.2998398244380951	-0.9354537129402161	0.18714281916618347	-0.9539770483970642	-0.2950150966644287	0.05379485338926315	0.004887361079454422	-0.1946597844362259	-0.9808586835861206
9.313225746154785e-10	-0.743827223777771	0.8103382587432861	0.1255887746810913	0.038268741220235825	1.0	1	0.0	0	0.0	0	0.2998398244380951	-0.9354537129402161	0.18714281916618347	-0.9539769887924194	-0.2950150966644287	0.05379485338926315	0.004887356888502836	-0.1946597695350647	-0.9808586239814758
0.0	-0.8243786692619324	-9.313225746154785e-10	0.11834300309419632	0.18380053341388702	1.0	1	0.0	0	0.0	0	0.09234499931335449	-0.9936786890029907	0.06383633613586426	-0.994766116142273	-0.08925018459558487	0.04974698647856712	-0.043735116720199585	-0.0680961087346077	-0.9967197179794312
0.32619601488113403	-0.7748843431472778	0.2985585331916809	0.06273724138736725	0.12730923295021057	1.0	1	0.0	0	0.0	0	0.09234499931335449	-0.9936786890029907	0.06383633613586426	-0.994766116142273	-0.08925019204616547	0.04974698647856712	-0.043735112994909286	-0.0680961087346077	-0.9967197179794312
-1.862645149230957e-09	-0.8050885796546936	0.3002701699733734	0.12095963954925537	0.1299288123846054	1.0	1	0.0	0	0.0	0	0.09234499931335449	-0.9936786890029907	0.06383633613586426	-0.994766116142273	-0.08925018459558487	0.04974698647856712	-0.043735116720199585	-0.0680961087346077	-0.9967197179794312
0.6523920297622681	0.6523920297622681	0.2968468964099884	0.47253382205963135	0.12367770075798035	1.0	1	0.0	0	0.0	0	0.351175457239151	0.9343261122703552	0.060914818197488785	0.9362639784812927	-0.34977108240127563	-0.03271220251917839	-0.009257621131837368	0.06852006912231445	-0.9976068735122681
0.3333333432674408	0.7916666865348816	2.3283064365386963e-10	0.4170765280723572	0.17870090901851654	1.0	1	0.0	0	0.0	0	0.351175457239151	0.9343261122703552	0.060914818197488785	0.936263918876648	-0.34977108240127563	-0.03271220251917839	-0.009257621131837368	0.06852006167173386	-0.9976067543029785
0.32619601488113403	0.7748843431472778	0.2985585033893585	0.4134061336517334	0.12540799379348755	1.0	1	0.0	0	0.0	0	0.351175457239151	0.9343261122703552	0.060914818197488785	0.936263918876648	-0.34977108240127563	-0.03271219879388809	-0.00925761740654707	0.06852006167173386	-0.9976067543029785
0.5690586566925049	0.5690587162971497	0.772193193435669	0.4541271924972534	0.03978635370731354	1.0	1	0.0	0	0.0	0	0.28640016913414	0.8269184231758118	0.4839223623275757	0.9504777789115906	-0.3088405728340149	-0.034780412912368774	0.12069430202245712	0.4699185788631439	-0.8744195699691772
0.3190586566925049	0.7581019401550293	0.597117006778717	0.4097357392311096	0.07211505621671677	1.0	1	0.0	0	0.0	0	0.28640016913414	0.8269184231758118	0.4839223623275757	0.9504777789115906	-0.3088405728340149	-0.034780412912368774	0.12069430202245712	0.4699185788631439	-0.8744195699691772
0.28452932834625244	0.6564429402351379	0.7912657260894775	0.4025172293186188	0.03826649487018585	1.0	1	0.0	0	0.0	0	0.28640016913414	0.8269184231758118	0.4839223623275757	0.9504777789115906	-0.3088405728340149	-0.034780412912368774	0.12069430202245712	0.4699185788631439	-0.8744195699691772
0.0	-9.313225746154785e-09	1.1658698320388794	0.3690394163131714	0.3653041422367096	1.0	1	0.0	0	0.0	0	0.1828969120979309	0.22860176861286163	0.9561851024627686	0.18899641931056976	-0.9626255631446838	0.19399072229862213	0.9647948741912842	0.14523525536060333	-0.2192661613225937
0.25	0.5547839403152466	0.9854143857955933	0.26678693294525146	0.4129975140094757	1.0	1	0.0	0	0.0	0	0.1828969120979309	0.22860176861286163	0.9561851024627686	0.18899638950824738	-0.9626255035400391	0.19399072229862213	0.9647948145866394	0.14523524045944214	-0.2192661464214325
1.1175870895385742e-08	0.6095678806304932	1.0201362371444702	0.25917908549308777	0.3812069892883301	1.0	1	0.0	0	0.0	0	0.1828969120979309	0.22860176861286163	0.9561851024627686	0.18899644911289215	-0.9626256227493286	0.19399073719978333	0.9647948145866394	0.14523525536060333	-0.2192661464214325
0.2500000596046448	-0.5547839403152466	0.9854143857955933	0.4655168652534485	0.42252907156944275	1.0	1	0.0	0	0.0	0	0.18289683759212494	-0.22860176861286163	0.9561851024627686	-0.3053433895111084	-0.9377010464668274	-0.1657773107290268	0.9345128536224365	-0.2616446912288666	-0.24130463600158691
0.0	-9.313225746154785e-09	1.1658698320388794	0.3690394163131714	0.3653041422367096	1.0	1	0.0	0	0.0	0	0.18289683759212494	-0.22860176861286163	0.9561851024627686	-0.3053433895111084	-0.9377010464668274	-0.1657773107290268	0.9345128536224365	-0.2616446912288666	-0.24130463600158691
