3240	1132	11
-0.6663957834243774	-0.5575796961784363	0.0	0.205153688788414	0.3967006504535675	1.0	2	0.0	0	0.0	0	-0.9154218435287476	-0.3974096477031708	-0.06378395855426788	-0.3848196268081665	0.9106072783470154	-0.15069319307804108	0.11796906590461731	-0.11340253055095673	-0.9865207672119141
-0.8778154850006104	0.019527839496731758	-0.5614246129989624	0.2966174781322479	0.4681316912174225	1.0	2	0.0	0	0.0	0	-0.9154218435287476	-0.3974096477031708	-0.06378395855426788	-0.3848196268081665	0.9106072783470154	-0.15069320797920227	0.1179690733551979	-0.11340254545211792	-0.9865207672119141
-0.6378463506698608	-0.5342744588851929	-0.5549435019493103	0.212641641497612	0.48118856549263	1.0	2	0.0	0	0.0	0	-0.9154218435287476	-0.3974096477031708	-0.06378395855426788	-0.3848196268081665	0.9106072783470154	-0.15069320797920227	0.1179690733551979	-0.11340254545211792	-0.9865207672119141
-0.9163957238197327	0.023139603435993195	0.0	0.29317477345466614	0.38206493854522705	1.0	2	0.0	0	0.0	0	-0.9153713583946228	0.3972536623477936	-0.0654585137963295	0.3939761221408844	0.9173129796981812	0.05761660262942314	0.08293434977531433	0.026951497420668602	-0.9961904883384705
-0.6378462910652161	0.5735445022583008	-0.5549435019493103	0.38317134976387024	0.47247442603111267	1.0	2	0.0	0	0.0	0	-0.9153713583946228	0.3972536623477936	-0.0654585137963295	0.3939761519432068	0.9173130393028259	0.05761661008000374	0.08293435722589493	0.02695150300860405	-0.9961905479431152
-0.8778154850006104	0.019527839496731758	-0.5614246129989624	0.2966174781322479	0.4681316912174225	1.0	2	0.0	0	0.0	0	-0.9153713583946228	0.3972536623477936	-0.0654585137963295	0.3939761221408844	0.9173129796981812	0.05761660262942314	0.08293434977531433	0.026951497420668602	-0.9961904883384705
-0.8778154850006104	0.019527839496731758	-0.5614246129989624	0.2966174781322479	0.4681316912174225	1.0	2	0.0	0	0.0	0	-0.7928325533866882	0.2824026048183441	-0.5400605201721191	0.3141510486602783	0.9487308263778687	0.034912560135126114	0.5222314596176147	-0.14198076725006104	-0.8409017324447632
-0.4997290372848511	0.44710925221443176	-0.8928859233856201	0.3667173981666565	0.5292540788650513	1.0	2	0.0	0	0.0	0	-0.7928325533866882	0.2824026048183441	-0.5400605201721191	0.31415101885795593	0.9487308859825134	0.03491256758570671	0.5222314596176147	-0.14198075234889984	-0.840901792049408
-0.609296977519989	0.013788837939500809	-0.9586225748062134	0.2998523414134979	0.5380195379257202	1.0	2	0.0	0	0.0	0	-0.7928325533866882	0.2824026048183441	-0.5400605201721191	0.3141510486602783	0.9487308859825134	0.03491254895925522	0.52223140001297	-0.14198076725006104	-0.8409017324447632
-0.8778154850006104	0.019527839496731758	-0.5614246129989624	0.2966174781322479	0.4681316912174225	1.0	2	0.0	0	0.0	0	-0.8143065571784973	-0.3581937551498413	-0.45672985911369324	-0.33216598629951477	0.9328651428222656	-0.13938558101654053	0.47599440813064575	0.0382075309753418	-0.8786180019378662
-0.49972909688949585	-0.4173583686351776	-0.8928859233856201	0.2336474359035492	0.5360540151596069	1.0	2	0.0	0	0.0	0	-0.8143065571784973	-0.3581937551498413	-0.45672985911369324	-0.33216598629951477	0.9328652620315552	-0.13938556611537933	0.47599437832832336	0.038207538425922394	-0.8786179423332214
-0.6378463506698608	-0.5342744588851929	-0.5549435019493103	0.212641641497612	0.48118856549263	1.0	2	0.0	0	0.0	0	-0.8143065571784973	-0.3581937551498413	-0.45672985911369324	-0.33216598629951477	0.9328652024269104	-0.13938556611537933	0.47599440813064575	0.03820754587650299	-0.8786180019378662
-0.49972909688949585	-0.4173583686351776	-0.8928859233856201	0.14269302785396576	0.5206719636917114	1.0	2	0.0	0	0.0	0	-0.1729336380958557	-0.25076380372047424	-0.9524765014648438	0.023984787985682487	-0.9678319096565247	0.2504517734050751	-0.9846413731575012	0.02046658843755722	0.17338520288467407
0.00027095837867818773	0.011508528143167496	-1.0965771675109863	0.08256801962852478	0.44506046175956726	1.0	2	0.0	0	0.0	0	-0.1729336380958557	-0.25076380372047424	-0.9524765014648438	0.023984789848327637	-0.9678319692611694	0.25045180320739746	-0.984641432762146	0.02046659216284752	0.17338521778583527
0.00027096489793621004	-0.5124843716621399	-0.9586226344108582	0.16267818212509155	0.44698330760002136	1.0	2	0.0	0	0.0	0	-0.1729336380958557	-0.25076380372047424	-0.9524765014648438	0.023984793573617935	-0.9678319692611694	0.25045180320739746	-0.984641432762146	0.02046658843755722	0.17338521778583527
-0.4997290372848511	0.44710925221443176	-0.8928859233856201	0.009743040427565575	0.5123386979103088	1.0	2	0.0	0	0.0	0	-0.21558476984500885	0.19952388107776642	-0.9558836817741394	0.09479257464408875	-0.9700029492378235	-0.22385001182556152	-0.9718732833862305	-0.1388693004846573	0.1902044713497162
0.00027095837867818773	0.011508528143167496	-1.0965771675109863	0.08256801962852478	0.44506046175956726	1.0	2	0.0	0	0.0	0	-0.21558476984500885	0.19952388107776642	-0.9558836817741394	0.09479255974292755	-0.9700028896331787	-0.22384999692440033	-0.9718732237815857	-0.1388693004846573	0.1902044415473938
-0.609296977519989	0.013788837939500809	-0.9586225748062134	0.0754886046051979	0.5346819162368774	1.0	2	0.0	0	0.0	0	-0.21558476984500885	0.19952388107776642	-0.9558836817741394	0.09479256719350815	-0.9700028896331787	-0.22384999692440033	-0.9718732237815857	-0.1388693004846573	0.1902044415473938
0.00027095837867818773	0.011508528143167496	-1.0965771675109863	0.08256801962852478	0.44506046175956726	1.0	2	0.0	0	0.0	0	0.2155846655368805	0.19952404499053955	-0.9558835625648499	0.08943464607000351	-0.9788224697113037	-0.18414153158664703	-0.9723809957504272	-0.04579101875424385	-0.22886347770690918
0.5002710223197937	0.44710925221443176	-0.8928858637809753	0.019999288022518158	0.36014601588249207	1.0	2	0.0	0	0.0	0	0.2155846655368805	0.19952404499053955	-0.9558835625648499	0.08943463861942291	-0.9788224101066589	-0.18414154648780823	-0.9723809361457825	-0.045791007578372955	-0.22886346280574799
0.6098388433456421	0.013788837939500809	-0.9586226344108582	0.08799237012863159	0.34913837909698486	1.0	2	0.0	0	0.0	0	0.2155846655368805	0.19952404499053955	-0.9558835625648499	0.08943463861942291	-0.9788224101066589	-0.18414154648780823	-0.9723809361457825	-0.045791007578372955	-0.22886346280574799
0.00027095837867818773	0.011508528143167496	-1.0965771675109863	0.08256801962852478	0.44506046175956726	1.0	2	0.0	0	0.0	0	0.1729336529970169	-0.25076383352279663	-0.9524765014648438	0.02267303317785263	-0.965776801109314	0.25838205218315125	-0.984672486782074	-0.06627847254276276	-0.1613297015428543
0.5002710223197937	-0.4173583686351776	-0.8928859233856201	0.1529492735862732	0.36847931146621704	1.0	2	0.0	0	0.0	0	0.1729336529970169	-0.25076383352279663	-0.9524765014648438	0.02267303131520748	-0.9657767415046692	0.25838202238082886	-0.9846724271774292	-0.06627846509218216	-0.1613297015428543
0.00027096489793621004	-0.5124843716621399	-0.9586226344108582	0.16267818212509155	0.44698330760002136	1.0	2	0.0	0	0.0	0	0.1729336529970169	-0.25076383352279663	-0.9524765014648438	0.02267303317785263	-0.9657767415046692	0.25838202238082886	-0.9846724271774292	-0.06627847254276276	-0.1613297015428543
0.5002710223197937	0.44710925221443176	-0.8928858637809753	0.3694717586040497	0.29243674874305725	1.0	2	0.0	0	0.0	0	0.2830437123775482	0.8545802235603333	-0.4354064166545868	0.9569615125656128	-0.28198060393333435	0.06864131987094879	-0.06411664932966232	-0.4360956847667694	-0.8976132273674011
0.0002709490654524416	0.7815918922424316	-0.5614245533943176	0.30815446376800537	0.23417268693447113	1.0	2	0.0	0	0.0	0	0.2830437123775482	0.8545802235603333	-0.4354064166545868	0.956961452960968	-0.28198060393333435	0.0686413124203682	-0.06411666423082352	-0.4360956847667694	-0.8976132869720459
0.6383883357048035	0.573544442653656	-0.5549435615539551	0.39657384157180786	0.24040476977825165	1.0	2	0.0	0	0.0	0	0.2830437123775482	0.8545802235603333	-0.4354064166545868	0.9569615125656128	-0.28198060393333435	0.06864131987094879	-0.06411664932966232	-0.4360956847667694	-0.8976132273674011
-0.4997290372848511	0.44710925221443176	-0.8928859233856201	0.21948350965976715	0.28428831696510315	1.0	2	0.0	0	0.0	0	-0.221509650349617	0.8332050442695618	-0.506658673286438	0.9606521725654602	0.27573272585868835	0.03345087170600891	0.16757379472255707	-0.4793130159378052	-0.8614975810050964
0.0002709490654524416	0.7815918922424316	-0.5614245533943176	0.30815446376800537	0.23417268693447113	1.0	2	0.0	0	0.0	0	-0.221509650349617	0.8332050442695618	-0.506658673286438	0.9606521725654602	0.27573272585868835	0.03345087543129921	0.16757379472255707	-0.4793130159378052	-0.8614975810050964
0.0002709434775169939	0.5400620698928833	-0.9586226344108582	0.2973755896091461	0.2975567877292633	1.0	2	0.0	0	0.0	0	-0.221509650349617	0.8332050442695618	-0.506658673286438	0.9606521129608154	0.27573269605636597	0.033450860530138016	0.16757379472255707	-0.47931304574012756	-0.8614976406097412
-0.6378462910652161	0.5735445022583008	-0.5549435019493103	0.2051536589860916	0.2300054281949997	1.0	2	0.0	0	0.0	0	-0.30988550186157227	0.9483654499053955	-0.06763056665658951	0.9494786858558655	0.3123910427093506	0.030033675953745842	0.04961009323596954	-0.05490678921341896	-0.9972583651542664
0.0002709490654524416	0.8216286301612854	0.0	0.3128160536289215	0.14643484354019165	1.0	2	0.0	0	0.0	0	-0.30988550186157227	0.9483654499053955	-0.06763056665658951	0.9494786858558655	0.3123910427093506	0.030033675953745842	0.04961009323596954	-0.05490678921341896	-0.9972583651542664
0.0002709490654524416	0.7815918922424316	-0.5614245533943176	0.30815446376800537	0.23417268693447113	1.0	2	0.0	0	0.0	0	-0.30988550186157227	0.9483654499053955	-0.06763056665658951	0.9494787454605103	0.312391072511673	0.03003367781639099	0.04961008578538895	-0.054906781762838364	-0.9972583055496216
0.6383883357048035	0.573544442653656	-0.5549435615539551	0.39657384157180786	0.24040476977825165	1.0	2	0.0	0	0.0	0	0.3097948729991913	0.9483869671821594	-0.06774440407752991	0.9497556686401367	-0.30532291531562805	0.0688641294836998	0.04462592676281929	-0.08567438274621964	-0.9953233599662781
0.0002709490654524416	0.8216286301612854	0.0	0.3128160536289215	0.14643484354019165	1.0	2	0.0	0	0.0	0	0.3097948729991913	0.9483869671821594	-0.06774440407752991	0.9497556686401367	-0.30532291531562805	0.0688641294836998	0.04462592676281929	-0.08567438274621964	-0.9953233599662781
0.6669376492500305	0.6038589477539062	0.0	0.4051379859447479	0.15399013459682465	1.0	2	0.0	0	0.0	0	0.3097948729991913	0.9483869671821594	-0.06774440407752991	0.9497556686401367	-0.30532291531562805	0.0688641294836998	0.04462592676281929	-0.08567438274621964	-0.9953233599662781
-0.49972909688949585	-0.4173583686351776	-0.8928859233856201	0.18079742789268494	0.2824867069721222	1.0	2	0.0	0	0.0	0	-0.2860107719898224	-0.8634080290794373	-0.41560128331184387	-0.9361504316329956	0.3443344235420227	-0.07110655307769775	0.20449981093406677	0.36872807145118713	-0.9067631959915161
0.00027095279074274004	-0.742536187171936	-0.5614246726036072	0.11052907258272171	0.23869234323501587	1.0	2	0.0	0	0.0	0	-0.2860107719898224	-0.8634080290794373	-0.41560128331184387	-0.9361504316329956	0.3443343937397003	-0.07110655307769775	0.20449981093406677	0.3687281012535095	-0.9067632555961609
-0.6378463506698608	-0.5342744588851929	-0.5549435019493103	0.20240367949008942	0.2304925173521042	1.0	2	0.0	0	0.0	0	-0.2860107719898224	-0.8634080290794373	-0.41560128331184387	-0.9361504316329956	0.3443344235420227	-0.07110656052827835	0.20449981093406677	0.36872807145118713	-0.9067631959915161
0.5002710223197937	-0.4173583686351776	-0.8928859233856201	0.02873840741813183	0.29075756669044495	1.0	2	0.0	0	0.0	0	0.2246338576078415	-0.8432213068008423	-0.48838257789611816	-0.9708583950996399	-0.23662012815475464	-0.03801226615905762	-0.08350839465856552	0.48268917202949524	-0.8718013763427734
0.00027095279074274004	-0.742536187171936	-0.5614246726036072	0.11052907258272171	0.23869234323501587	1.0	2	0.0	0	0.0	0	0.2246338576078415	-0.8432213068008423	-0.48838257789611816	-0.9708584547042847	-0.23662014305591583	-0.03801228478550911	-0.08350837230682373	0.48268914222717285	-0.8718013763427734
0.00027096489793621004	-0.5124843716621399	-0.9586226344108582	0.10754438489675522	0.29760393500328064	1.0	2	0.0	0	0.0	0	0.2246338576078415	-0.8432213068008423	-0.48838257789611816	-0.9708583950996399	-0.23662012815475464	-0.03801227733492851	-0.08350837975740433	0.48268911242485046	-0.8718012571334839
0.6383883357048035	-0.5342744588851929	-0.5549435615539551	0.008340707048773766	0.24104808270931244	1.0	2	0.0	0	0.0	0	0.31029438972473145	-0.9490209817886353	-0.05546675994992256	-0.9505446553230286	-0.3089056611061096	-0.03228418156504631	0.01350436918437481	0.0627412348985672	-0.9979385137557983
0.0002709490654524416	-0.7753493785858154	0.0	0.10752230137586594	0.1516343653202057	1.0	2	0.0	0	0.0	0	0.31029438972473145	-0.9490209817886353	-0.05546675994992256	-0.9505446553230286	-0.3089056611061096	-0.03228418901562691	0.013504376634955406	0.0627412348985672	-0.9979385137557983
0.00027095279074274004	-0.742536187171936	-0.5614246726036072	0.11052907258272171	0.23869234323501587	1.0	2	0.0	0	0.0	0	0.31029438972473145	-0.9490209817886353	-0.05546675994992256	-0.9505445957183838	-0.3089056611061096	-0.03228418529033661	0.013504372909665108	0.0627412274479866	-0.9979385137557983
-0.6378463506698608	-0.5342744588851929	-0.5549435019493103	0.20240367949008942	0.2304925173521042	1.0	2	0.0	0	0.0	0	-0.31002429127693176	-0.9490892887115479	-0.05580706521868706	-0.9471039772033691	0.3134306073188782	-0.06895897537469864	0.08293986320495605	0.031476136296987534	-0.996057391166687
0.0002709490654524416	-0.7753493785858154	0.0	0.10752230137586594	0.1516343653202057	1.0	2	0.0	0	0.0	0	-0.31002429127693176	-0.9490892887115479	-0.05580706521868706	-0.9471040368080139	0.31343063712120056	-0.06895898282527924	0.08293986320495605	0.031476132571697235	-0.9960573315620422
-0.6663957834243774	-0.5575796961784363	0.0	0.2035481184720993	0.14410647749900818	1.0	2	0.0	0	0.0	0	-0.31002429127693176	-0.9490892887115479	-0.05580706521868706	-0.9471040368080139	0.31343063712120056	-0.06895898282527924	0.08293986320495605	0.031476132571697235	-0.9960573315620422
0.5002710223197937	-0.4173583686351776	-0.8928859233856201	0.1529492735862732	0.36847931146621704	1.0	2	0.0	0	0.0	0	0.8143064379692078	-0.35819384455680847	-0.45673009753227234	-0.034473199397325516	-0.8153315782546997	0.5779671669006348	-0.5794106721878052	-0.45489737391471863	-0.676277756690979
0.8783575296401978	0.019527839496731758	-0.5614246726036072	0.08849082887172699	0.29920944571495056	1.0	2	0.0	0	0.0	0	0.8143064379692078	-0.35819384455680847	-0.45673009753227234	-0.034473221749067307	-0.8153315186500549	0.5779671669006348	-0.5794106721878052	-0.45489734411239624	-0.676277756690979
0.6383883357048035	-0.5342744588851929	-0.5549435615539551	0.17117874324321747	0.34092259407043457	1.0	2	0.0	0	0.0	0	0.8143064379692078	-0.35819384455680847	-0.45673009753227234	-0.034473225474357605	-0.8153316378593445	0.5779672265052795	-0.57941073179245	-0.4548974335193634	-0.676277756690979
0.5002710223197937	0.44710925221443176	-0.8928858637809753	0.019999288022518158	0.36014601588249207	1.0	2	0.0	0	0.0	0	0.7928324341773987	0.28240248560905457	-0.5400607585906982	0.10865180194377899	-0.9374603033065796	-0.33070066571235657	-0.599676251411438	0.20351165533065796	-0.7739324569702148
0.8783575296401978	0.019527839496731758	-0.5614246726036072	0.08849082887172699	0.29920944571495056	1.0	2	0.0	0	0.0	0	0.7928324341773987	0.28240248560905457	-0.5400607585906982	0.10865180194377899	-0.9374603629112244	-0.33070066571235657	-0.5996761918067932	0.20351162552833557	-0.7739323973655701
0.6098388433456421	0.013788837939500809	-0.9586226344108582	0.08799237012863159	0.34913837909698486	1.0	2	0.0	0	0.0	0	0.7928324341773987	0.28240248560905457	-0.5400607585906982	0.10865180194377899	-0.9374603033065796	-0.33070066571235657	-0.599676251411438	0.20351165533065796	-0.7739324569702148
0.6383883357048035	0.573544442653656	-0.5549435615539551	0.5823078155517578	0.016202129423618317	1.0	2	0.0	0	0.0	0	0.9153713583946228	0.39725375175476074	-0.06545841693878174	-0.4023955762386322	0.89739590883255	-0.1809927225112915	-0.013157922774553299	0.19201572239398956	0.9813036918640137
0.9169377088546753	0.023139595985412598	0.0	0.490437388420105	0.07402961701154709	1.0	2	0.0	0	0.0	0	0.9153713583946228	0.39725375175476074	-0.06545841693878174	-0.4023955762386322	0.89739590883255	-0.1809927225112915	-0.013157922774553299	0.19201572239398956	0.9813036918640137
0.8783575296401978	0.019527839496731758	-0.5614246726036072	0.49283871054649353	0.0008027803269214928	1.0	2	0.0	0	0.0	0	0.9153713583946228	0.39725375175476074	-0.06545841693878174	-0.4023955762386322	0.89739590883255	-0.1809927374124527	-0.013157930225133896	0.19201573729515076	0.9813036918640137
0.8783575296401978	0.019527839496731758	-0.5614246726036072	0.49283871054649353	0.0008027803269214928	1.0	2	0.0	0	0.0	0	0.9154218435287476	-0.3974097669124603	-0.06378377228975296	0.3993856608867645	0.8772076964378357	0.2664542496204376	-0.04993989318609238	-0.26939234137535095	0.9617347717285156
0.6669376492500305	-0.5575796961784363	0.0	0.40674349665641785	0.09688687324523926	1.0	2	0.0	0	0.0	0	0.9154218435287476	-0.3974097669124603	-0.06378377228975296	0.39938563108444214	0.8772076368331909	0.26645421981811523	-0.049939896911382675	-0.26939234137535095	0.9617347717285156
0.6383883357048035	-0.5342744588851929	-0.5549435615539551	0.4130307137966156	0.023587336763739586	1.0	2	0.0	0	0.0	0	0.9154218435287476	-0.3974097669124603	-0.06378377228975296	0.39938563108444214	0.8772076368331909	0.26645421981811523	-0.049939896911382675	-0.26939234137535095	0.9617347717285156
0.2658654451370239	0.9000722169876099	-0.750801682472229	0.2083606868982315	0.7999122142791748	1.0	2	0.0	0	0.0	0	0.864085853099823	0.3144526481628418	-0.39303353428840637	0.44326940178871155	-0.8453301787376404	0.29820993542671204	-0.2384701669216156	-0.43189865350723267	-0.869825005531311
0.43865540623664856	0.6846715211868286	-0.543256938457489	0.24679400026798248	0.7870208621025085	1.0	2	0.0	0	0.0	0	0.864085853099823	0.3144526481628418	-0.39303353428840637	0.44326943159103394	-0.8453301787376404	0.29820993542671204	-0.2384701669216156	-0.43189868330955505	-0.869825005531311
0.32162943482398987	0.6846714615821838	-0.8005390763282776	0.24127677083015442	0.8122320771217346	1.0	2	0.0	0	0.0	0	0.864085853099823	0.3144526481628418	-0.39303353428840637	0.44326940178871155	-0.8453301787376404	0.29820993542671204	-0.2384701669216156	-0.43189865350723267	-0.869825005531311
0.43865540623664856	0.6846715211868286	-0.543256938457489	0.24679400026798248	0.7870208621025085	1.0	2	0.0	0	0.0	0	0.8640859127044678	-0.31445249915122986	-0.39303338527679443	-0.4132806062698364	-0.888955295085907	-0.19737692177295685	-0.2873234152793884	0.3329836428165436	-0.8980907797813416
0.2658654451370239	0.46927061676979065	-0.750801682472229	0.2741928994655609	0.8026717901229858	1.0	2	0.0	0	0.0	0	0.8640859127044678	-0.31445249915122986	-0.39303338527679443	-0.4132806062698364	-0.888955295085907	-0.19737693667411804	-0.2873234152793884	0.33298367261886597	-0.8980907797813416
0.32162943482398987	0.6846714615821838	-0.8005390763282776	0.24127677083015442	0.8122320771217346	1.0	2	0.0	0	0.0	0	0.8640859127044678	-0.31445249915122986	-0.39303338527679443	-0.41328054666519165	-0.8889552354812622	-0.19737690687179565	-0.2873234450817108	0.33298367261886597	-0.8980908393859863
0.43865540623664856	0.6846715211868286	-0.543256938457489	0.24679400026798248	0.7870208621025085	1.0	2	0.0	0	0.0	0	0.8719069361686707	-0.38235706090927124	0.30591097474098206	-0.3493412435054779	-0.9234814643859863	-0.15856444835662842	0.3431313633918762	0.0313861109316349	-0.9387629628181458
0.2658654451370239	0.46927061676979065	-0.3200001120567322	0.2807648777961731	0.7452930212020874	1.0	2	0.0	0	0.0	0	0.8719069361686707	-0.38235706090927124	0.30591097474098206	-0.3493412435054779	-0.9234814643859863	-0.15856443345546722	0.34313133358955383	0.03138609603047371	-0.9387629628181458
0.32162946462631226	0.42206859588623047	-0.537936270236969	0.285412073135376	0.7789379358291626	1.0	2	0.0	0	0.0	0	0.8719069361686707	-0.38235706090927124	0.30591097474098206	-0.3493412435054779	-0.9234815239906311	-0.15856444835662842	0.34313133358955383	0.031386107206344604	-0.938762903213501
0.2658654451370239	0.9000722169876099	-0.3200001120567322	0.21493268013000488	0.7425333857536316	1.0	2	0.0	0	0.0	0	0.8719068169593811	0.3823571503162384	0.3059110939502716	0.3216208517551422	-0.9182500243186951	0.23103459179401398	0.36924055218696594	-0.10305323451757431	-0.9236024022102356
0.43865540623664856	0.6846715211868286	-0.543256938457489	0.24679400026798248	0.7870208621025085	1.0	2	0.0	0	0.0	0	0.8719068169593811	0.3823571503162384	0.3059110939502716	0.3216208517551422	-0.9182499647140503	0.23103457689285278	0.36924058198928833	-0.10305323451757431	-0.9236024618148804
0.32162946462631226	0.9472743272781372	-0.537936270236969	0.20515364408493042	0.7755736112594604	1.0	2	0.0	0	0.0	0	0.8719068169593811	0.3823571503162384	0.3059110939502716	0.3216208517551422	-0.9182500243186951	0.23103459179401398	0.36924055218696594	-0.10305322706699371	-0.9236024022102356
0.2658654451370239	0.9000722169876099	-0.3200001120567322	0.21493268013000488	0.7425333857536316	1.0	2	0.0	0	0.0	0	0.3296830952167511	0.2727726399898529	0.9038274884223938	0.25419870018959045	-0.947643518447876	0.19327384233474731	0.90922611951828	0.16603264212608337	-0.38176047801971436
0.011392795480787754	0.6846715211868286	-0.16217051446437836	0.24679400026798248	0.7031985521316528	1.0	2	0.0	0	0.0	0	0.3296830952167511	0.2727726399898529	0.9038274884223938	0.25419867038726807	-0.947643518447876	0.19327384233474731	0.90922611951828	0.16603264212608337	-0.38176047801971436
0.32162949442863464	0.6846715211868286	-0.2753334641456604	0.24928893148899078	0.7422794699668884	1.0	2	0.0	0	0.0	0	0.3296830952167511	0.2727726399898529	0.9038274884223938	0.25419870018959045	-0.9476435780525208	0.1932738870382309	0.9092261791229248	0.16603264212608337	-0.38176053762435913
0.011392795480787754	0.6846715211868286	-0.16217051446437836	0.24679400026798248	0.7031985521316528	1.0	2	0.0	0	0.0	0	0.3296830952167511	-0.27277234196662903	0.9038276076316833	-0.342791885137558	-0.9266014695167542	-0.15460754930973053	0.8796606659889221	-0.2588532567024231	-0.3989889621734619
0.2658654451370239	0.46927061676979065	-0.3200001120567322	0.2807648777961731	0.7452930212020874	1.0	2	0.0	0	0.0	0	0.3296830952167511	-0.27277234196662903	0.9038276076316833	-0.342791885137558	-0.9266015291213989	-0.15460754930973053	0.8796606063842773	-0.2588532567024231	-0.3989889621734619
0.32162949442863464	0.6846715211868286	-0.2753334641456604	0.24928893148899078	0.7422794699668884	1.0	2	0.0	0	0.0	0	0.3296830952167511	-0.27277234196662903	0.9038276076316833	-0.34279191493988037	-0.9266015291213989	-0.15460753440856934	0.8796606063842773	-0.2588532865047455	-0.3989889621734619
0.011392795480787754	0.6846715211868286	-0.16217051446437836	0.3270967900753021	0.8942696452140808	1.0	2	0.0	0	0.0	0	-0.1927931010723114	-0.3463183641433716	0.9180927872657776	0.2630128562450409	-0.9196470379829407	-0.29167377948760986	0.9453333020210266	0.18523751199245453	0.2683877944946289
-0.2430797815322876	0.46927061676979065	-0.2968604266643524	0.36001911759376526	0.8513472676277161	1.0	2	0.0	0	0.0	0	-0.1927931010723114	-0.3463183641433716	0.9180927872657776	0.2630128860473633	-0.9196470975875854	-0.29167377948760986	0.9453333616256714	0.18523752689361572	0.2683877944946289
0.011392800137400627	0.42206859588623047	-0.2612282633781433	0.36794838309288025	0.884070873260498	1.0	2	0.0	0	0.0	0	-0.1927931010723114	-0.3463183641433716	0.9180927872657776	0.2630128264427185	-0.9196470379829407	-0.2916737496852875	0.9453333020210266	0.18523748219013214	0.2683877646923065
-0.2430797964334488	0.9000722169876099	-0.2968604266643524	0.29363536834716797	0.8512113094329834	1.0	2	0.0	0	0.0	0	-0.19279322028160095	0.34631848335266113	0.9180927276611328	-0.26705485582351685	-0.918846070766449	0.2905229330062866	0.9441993832588196	-0.18917027115821838	0.26963332295417786
0.011392795480787754	0.6846715211868286	-0.16217051446437836	0.3270967900753021	0.8942696452140808	1.0	2	0.0	0	0.0	0	-0.19279322028160095	0.34631848335266113	0.9180927276611328	-0.26705488562583923	-0.918846070766449	0.2905229330062866	0.9441993832588196	-0.18917028605937958	0.26963335275650024
0.011392791755497456	0.9472743272781372	-0.2612282633781433	0.2870175838470459	0.8839051127433777	1.0	2	0.0	0	0.0	0	-0.19279322028160095	0.34631848335266113	0.9180927276611328	-0.26705488562583923	-0.918846070766449	0.2905229330062866	0.9441993832588196	-0.18917028605937958	0.26963335275650024
-0.2430797964334488	0.9000722169876099	-0.2968604266643524	0.29363536834716797	0.8512113094329834	1.0	2	0.0	0	0.0	0	-0.8640856742858887	0.3144528269767761	0.39303356409072876	-0.22922831773757935	-0.9410090446472168	0.24891017377376556	0.448118656873703	0.12498529255390167	0.885193943977356
-0.4158698618412018	0.6846715211868286	-0.5044052004814148	0.32709676027297974	0.8100389242172241	1.0	2	0.0	0	0.0	0	-0.8640856742858887	0.3144528269767761	0.39303356409072876	-0.22922831773757935	-0.9410091042518616	0.24891018867492676	0.4481186866760254	0.12498530000448227	0.8851940035820007
-0.2988438308238983	0.6846715211868286	-0.24712306261062622	0.32645919919013977	0.8500845432281494	1.0	2	0.0	0	0.0	0	-0.8640856742858887	0.3144528269767761	0.39303356409072876	-0.22922834753990173	-0.9410091638565063	0.24891021847724915	0.4481186270713806	0.12498530000448227	0.885193943977356
-0.4158698618412018	0.6846715211868286	-0.5044052004814148	0.32709676027297974	0.8100389242172241	1.0	2	0.0	0	0.0	0	-0.8640856742858887	-0.314452588558197	0.39303356409072876	0.2273649424314499	-0.9404819011688232	-0.25258442759513855	0.44906678795814514	-0.12889254093170166	0.8841524720191956
-0.2430797815322876	0.46927061676979065	-0.2968604266643524	0.36001911759376526	0.8513472676277161	1.0	2	0.0	0	0.0	0	-0.8640856742858887	-0.314452588558197	0.39303356409072876	0.22736498713493347	-0.9404820203781128	-0.25258445739746094	0.4490668475627899	-0.12889254093170166	0.8841525316238403
-0.2988438308238983	0.6846715211868286	-0.24712306261062622	0.32645919919013977	0.8500845432281494	1.0	2	0.0	0	0.0	0	-0.8640856742858887	-0.314452588558197	0.39303356409072876	0.22736497223377228	-0.940481960773468	-0.25258445739746094	0.44906681776046753	-0.12889255583286285	0.8841525316238403
-0.4158698618412018	0.6846715211868286	-0.5044052004814148	0.9260669350624084	0.8033422231674194	1.0	2	0.0	0	0.0	0	-0.8719068765640259	-0.38235732913017273	-0.3059108853340149	0.3797925114631653	-0.13371266424655914	-0.9153569936752319	0.3090892732143402	-0.9142887592315674	0.26180142164230347
-0.24307984113693237	0.46927061676979065	-0.7276620268821716	0.9702532887458801	0.8305700421333313	1.0	2	0.0	0	0.0	0	-0.8719068765640259	-0.38235732913017273	-0.3059108853340149	0.37979257106781006	-0.13371267914772034	-0.9153571128845215	0.3090892732143402	-0.9142887592315674	0.26180142164230347
-0.2988438308238983	0.42206859588623047	-0.5097258687019348	0.9368354678153992	0.8423433303833008	1.0	2	0.0	0	0.0	0	-0.8719068765640259	-0.38235732913017273	-0.3059108853340149	0.37979254126548767	-0.13371269404888153	-0.9153571128845215	0.3090892732143402	-0.9142887592315674	0.26180142164230347
-0.2430797815322876	0.9000722169876099	-0.7276620268821716	0.9614960551261902	0.7647489905357361	1.0	2	0.0	0	0.0	0	-0.8719066381454468	0.38235750794410706	-0.3059111535549164	0.27601245045661926	-0.13226710259914398	-0.9520097970962524	-0.4044700264930725	-0.9144988656044006	0.009789131581783295
-0.4158698618412018	0.6846715211868286	-0.5044052004814148	0.9260669350624084	0.8033422231674194	1.0	2	0.0	0	0.0	0	-0.8719066381454468	0.38235750794410706	-0.3059111535549164	0.27601245045661926	-0.13226711750030518	-0.9520097374916077	-0.4044700562953949	-0.9144988656044006	0.009789146482944489
-0.2988438308238983	0.9472742080688477	-0.5097259283065796	0.9261592626571655	0.7620985507965088	1.0	2	0.0	0	0.0	0	-0.8719066381454468	0.38235750794410706	-0.3059111535549164	0.27601245045661926	-0.13226711750030518	-0.9520097374916077	-0.4044700562953949	-0.9144988656044006	0.009789146482944489
-0.2430797815322876	0.9000722169876099	-0.7276620268821716	0.7991338968276978	0.37624651193618774	1.0	2	0.0	0	0.0	0	-0.3296833038330078	0.27277258038520813	-0.9038274884223938	0.22093772888183594	-0.9084756374359131	-0.3547654151916504	-0.9178755283355713	-0.31664982438087463	0.2392435073852539
0.011392788030207157	0.6846715211868286	-0.885491669178009	0.839027464389801	0.34763193130493164	1.0	2	0.0	0	0.0	0	-0.3296833038330078	0.27277258038520813	-0.9038274884223938	0.22093772888183594	-0.9084756374359131	-0.3547654151916504	-0.9178755283355713	-0.31664982438087463	0.2392435073852539
-0.2988438010215759	0.6846715211868286	-0.7723286747932434	0.8302697539329529	0.39155977964401245	1.0	2	0.0	0	0.0	0	-0.3296833038330078	0.27277258038520813	-0.9038274884223938	0.22093772888183594	-0.9084756374359131	-0.3547654151916504	-0.9178755283355713	-0.31664982438087463	0.2392435073852539
0.011392788030207157	0.6846715211868286	-0.885491669178009	0.839027464389801	0.34763193130493164	1.0	2	0.0	0	0.0	0	-0.3296833336353302	-0.27277225255966187	-0.9038276076316833	0.13978272676467896	-0.9609033465385437	0.23900990188121796	-0.9336861371994019	-0.047541894018650055	0.3549226224422455
-0.24307984113693237	0.46927061676979065	-0.7276620268821716	0.8644516468048096	0.38810068368911743	1.0	2	0.0	0	0.0	0	-0.3296833336353302	-0.27277225255966187	-0.9038276076316833	0.13978271186351776	-0.9609032869338989	0.23900987207889557	-0.9336860775947571	-0.04754188656806946	0.3549226224422455
-0.2988438010215759	0.6846715211868286	-0.7723286747932434	0.8302697539329529	0.39155977964401245	1.0	2	0.0	0	0.0	0	-0.3296833336353302	-0.27277225255966187	-0.9038276076316833	0.13978271186351776	-0.9609032869338989	0.23900987207889557	-0.9336860775947571	-0.04754190146923065	0.3549226224422455
0.011392788030207157	0.6846715211868286	-0.885491669178009	0.839027464389801	0.34763193130493164	1.0	2	0.0	0	0.0	0	0.19279317557811737	-0.34631848335266113	-0.9180927872657776	0.11236882954835892	-0.9216983914375305	0.37127527594566345	-0.9747841358184814	-0.1747443526983261	-0.13878175616264343
0.2658654451370239	0.46927061676979065	-0.750801682472229	0.8786908388137817	0.3123113512992859	1.0	2	0.0	0	0.0	0	0.19279317557811737	-0.34631848335266113	-0.9180927872657776	0.11236885190010071	-0.9216984510421753	0.37127527594566345	-0.9747840762138367	-0.1747443526983261	-0.13878174126148224
0.011392793618142605	0.42206859588623047	-0.7864338755607605	0.8787651062011719	0.352586954832077	1.0	2	0.0	0	0.0	0	0.19279317557811737	-0.34631848335266113	-0.9180927872657776	0.11236881464719772	-0.9216983318328857	0.37127527594566345	-0.9747840762138367	-0.1747443526983261	-0.13878174126148224
0.2658654451370239	0.9000722169876099	-0.750801682472229	0.8133730292320251	0.3004571795463562	1.0	2	0.0	0	0.0	0	0.1927933543920517	0.3463185727596283	-0.9180927276611328	0.21673744916915894	-0.9275659322738647	-0.30437859892845154	-0.9570034742355347	-0.1403028964996338	-0.2538887560367584
0.011392788030207157	0.6846715211868286	-0.885491669178009	0.839027464389801	0.34763193130493164	1.0	2	0.0	0	0.0	0	0.1927933543920517	0.3463185727596283	-0.9180927276611328	0.21673743426799774	-0.9275659322738647	-0.30437859892845154	-0.9570034742355347	-0.1403028815984726	-0.2538887560367584
0.011392802931368351	0.9472742080688477	-0.7864339351654053	0.7991338968276978	0.33813512325286865	1.0	2	0.0	0	0.0	0	0.1927933543920517	0.3463185727596283	-0.9180927276611328	0.21673743426799774	-0.9275659322738647	-0.30437859892845154	-0.9570034742355347	-0.1403028815984726	-0.2538887560367584
0.2658654451370239	0.9000722169876099	-0.3200001120567322	0.6985933780670166	0.8066871166229248	1.0	2	0.0	0	0.0	0	0.2471531182527542	0.9066191911697388	0.3419896960258484	-0.29017874598503113	0.40599295496940613	-0.8665829300880432	-0.9245061874389648	0.11494052410125732	0.36342403292655945
0.011392789892852306	1.0463318824768066	-0.5238311290740967	0.7343489527702332	0.8324527740478516	1.0	2	0.0	0	0.0	0	0.2471531182527542	0.9066191911697388	0.3419896960258484	-0.2901787757873535	0.4059929847717285	-0.8665829300880432	-0.9245061874389648	0.11494051665067673	0.36342406272888184
0.011392791755497456	0.9472743272781372	-0.2612282633781433	0.6968395113945007	0.8446194529533386	1.0	2	0.0	0	0.0	0	0.2471531182527542	0.9066191911697388	0.3419896960258484	-0.29017874598503113	0.40599295496940613	-0.8665829300880432	-0.9245061874389648	0.11494052410125732	0.36342403292655945
0.011392789892852306	1.0463318824768066	-0.5238311290740967	0.7343489527702332	0.8324527740478516	1.0	2	0.0	0	0.0	0	-0.21762852370738983	0.9132204055786133	0.3444797694683075	-0.27575984597206116	0.2810296416282654	-0.9192273020744324	-0.9362661838531494	-0.2950437664985657	0.190669447183609
-0.2430797964334488	0.9000722169876099	-0.2968604266643524	0.710985541343689	0.8822697401046753	1.0	2	0.0	0	0.0	0	-0.21762852370738983	0.9132204055786133	0.3444797694683075	-0.27575987577438354	0.28102967143058777	-0.9192273616790771	-0.9362662434577942	-0.29504379630088806	0.1906694769859314
0.011392791755497456	0.9472743272781372	-0.2612282633781433	0.6968395113945007	0.8446194529533386	1.0	2	0.0	0	0.0	0	-0.21762852370738983	0.9132204055786133	0.3444797694683075	-0.27575987577438354	0.281029611825943	-0.9192273020744324	-0.9362661838531494	-0.2950437664985657	0.1906694769859314
0.011392789892852306	1.0463318824768066	-0.5238311290740967	0.7343489527702332	0.8324527740478516	1.0	2	0.0	0	0.0	0	-0.30375218391418457	0.9121177196502686	-0.275274395942688	-0.14780636131763458	-0.33054110407829285	-0.9321457743644714	-0.941216230392456	-0.24245400726795197	0.23521937429904938
-0.2430797815322876	0.9000722169876099	-0.7276620268821716	0.7755390405654907	0.8674244284629822	1.0	2	0.0	0	0.0	0	-0.30375218391418457	0.9121177196502686	-0.275274395942688	-0.14780637621879578	-0.33054110407829285	-0.9321458339691162	-0.941216230392456	-0.24245403707027435	0.23521938920021057
-0.2988438308238983	0.9472742080688477	-0.5097259283065796	0.7437431216239929	0.8816429972648621	1.0	2	0.0	0	0.0	0	-0.30375218391418457	0.9121177196502686	-0.275274395942688	-0.14780636131763458	-0.33054110407829285	-0.9321458339691162	-0.941216230392456	-0.24245403707027435	0.23521938920021057
0.2658654451370239	0.9000722169876099	-0.750801682472229	0.7631468772888184	0.7918418645858765	1.0	2	0.0	0	0.0	0	0.2807749807834625	0.9188406467437744	-0.27730363607406616	-0.17381158471107483	-0.2354700118303299	-0.956213116645813	-0.9439040422439575	0.3166792690753937	0.09359104931354523
0.011392789892852306	1.0463318824768066	-0.5238311290740967	0.7343489527702332	0.8324527740478516	1.0	2	0.0	0	0.0	0	0.2807749807834625	0.9188406467437744	-0.27730363607406616	-0.17381156980991364	-0.2354700118303299	-0.9562130570411682	-0.9439041614532471	0.3166792690753937	0.09359104186296463
0.32162946462631226	0.9472743272781372	-0.537936270236969	0.7286354303359985	0.7894975543022156	1.0	2	0.0	0	0.0	0	0.2807749807834625	0.9188406467437744	-0.27730363607406616	-0.17381158471107483	-0.2354700118303299	-0.9562130570411682	-0.9439041614532471	0.3166792690753937	0.09359105676412582
-0.2430797815322876	0.46927061676979065	-0.2968604266643524	0.8492985367774963	0.8600974082946777	1.0	2	0.0	0	0.0	0	-0.21762828528881073	-0.9132201671600342	0.3444805443286896	0.16716496646404266	0.3128504157066345	0.9349762797355652	-0.9616100788116455	0.261062353849411	0.08457332104444504
0.011392797343432903	0.3230108320713043	-0.5238310694694519	0.8210864663124084	0.8176531195640564	1.0	2	0.0	0	0.0	0	-0.21762828528881073	-0.9132201671600342	0.3444805443286896	0.16716495156288147	0.3128504157066345	0.9349762201309204	-0.9616100192070007	0.261062353849411	0.08457330614328384
0.011392800137400627	0.42206859588623047	-0.2612282633781433	0.8620168566703796	0.824407160282135	1.0	2	0.0	0	0.0	0	-0.21762828528881073	-0.9132201671600342	0.3444805443286896	0.16716496646404266	0.31285038590431213	0.9349762201309204	-0.9616100192070007	0.261062353849411	0.08457332849502563
0.011392797343432903	0.3230108320713043	-0.5238310694694519	0.8210864663124084	0.8176531195640564	1.0	2	0.0	0	0.0	0	0.2471529245376587	-0.9066190123558044	0.3419904410839081	0.15135711431503296	0.38472914695739746	0.9105353951454163	-0.9570822715759277	-0.17327876389026642	0.23231014609336853
0.2658654451370239	0.46927061676979065	-0.3200001120567322	0.8620168566703796	0.7835224866867065	1.0	2	0.0	0	0.0	0	0.2471529245376587	-0.9066190123558044	0.3419904410839081	0.15135708451271057	0.3847291171550751	0.9105352759361267	-0.9570822715759277	-0.1732787787914276	0.23231014609336853
0.011392800137400627	0.42206859588623047	-0.2612282633781433	0.8620168566703796	0.824407160282135	1.0	2	0.0	0	0.0	0	0.2471529245376587	-0.9066190123558044	0.3419904410839081	0.15135709941387177	0.3847291171550751	0.9105353355407715	-0.957082211971283	-0.17327876389026642	0.23231011629104614
0.011392797343432903	0.3230108320713043	-0.5238310694694519	0.8210864663124084	0.8176531195640564	1.0	2	0.0	0	0.0	0	0.2807755470275879	-0.9188404679298401	-0.2773033678531647	0.24458284676074982	-0.2108873426914215	0.9464173316955566	-0.9280863404273987	-0.3335544764995575	0.16552062332630157
0.2658654451370239	0.46927061676979065	-0.750801682472229	0.7973649501800537	0.7689849138259888	1.0	2	0.0	0	0.0	0	0.2807755470275879	-0.9188404679298401	-0.2773033678531647	0.24458284676074982	-0.2108873575925827	0.9464173316955566	-0.9280863404273987	-0.3335544764995575	0.16552062332630157
0.32162946462631226	0.42206859588623047	-0.537936270236969	0.8303598165512085	0.7688678503036499	1.0	2	0.0	0	0.0	0	0.2807755470275879	-0.9188404679298401	-0.2773033678531647	0.244582861661911	-0.2108873426914215	0.9464173316955566	-0.9280863404273987	-0.3335544764995575	0.16552063822746277
-0.24307984113693237	0.46927061676979065	-0.7276620268821716	0.7846466898918152	0.84555983543396	1.0	2	0.0	0	0.0	0	-0.30375245213508606	-0.9121176600456238	-0.275274395942688	0.2546080946922302	-0.3561292886734009	0.8990809321403503	-0.9181008338928223	0.20301096141338348	0.34040766954421997
0.011392797343432903	0.3230108320713043	-0.5238310694694519	0.8210864663124084	0.8176531195640564	1.0	2	0.0	0	0.0	0	-0.30375245213508606	-0.9121176600456238	-0.275274395942688	0.2546081244945526	-0.35612931847572327	0.8990810513496399	-0.9181008338928223	0.20301097631454468	0.34040766954421997
-0.2988438308238983	0.42206859588623047	-0.5097258687019348	0.8148545026779175	0.8622230887413025	1.0	2	0.0	0	0.0	0	-0.30375245213508606	-0.9121176600456238	-0.275274395942688	0.2546080946922302	-0.3561292886734009	0.8990809917449951	-0.918100893497467	0.20301097631454468	0.34040766954421997
0.0002709590189624578	-0.8392260074615479	-0.23118197917938232	0.9070433378219604	0.5920961499214172	1.0	2	0.0	0	0.0	0	0.19509004056453705	0.0	-0.9807853698730469	0.9807851910591125	0.00042864479473792017	0.19508999586105347	0.0004204085562378168	-0.9999998807907104	8.362432708963752e-05
0.0002709590189624578	-0.5725057721138	-0.23118197917938232	0.9142356514930725	0.5186830759048462	1.0	2	0.0	0	0.0	0	0.19509004056453705	0.0	-0.9807853698730469	0.9807853102684021	0.00042864488204941154	0.19509004056453705	0.00042040858534164727	-0.9999998807907104	8.362432708963752e-05
0.09144197404384613	-0.8392260074615479	-0.21304696798324585	0.9142356514930725	0.5921071171760559	1.0	2	0.0	0	0.0	0	0.19509004056453705	0.0	-0.9807853698730469	0.9807852506637573	0.00042864488204941154	0.19509001076221466	0.0004204086435493082	-0.9999999403953552	8.362434164155275e-05
